  11   35   59   83   99  119  139  151  174  194  214  234  254  274  294
 315  338  358  374  381  388  411  431  451  475  487  510  525  550  556
 576  591  602  613  630  654  668  684  707  719  742  757  781  793  808
 828  851  875  887  904  924  935  955  974  980  997 1012 1035 1050 1066
1089 1112 1129 1146 1158 1181 1193 1205 1217 1231 1243 1250 1270 1289 1295
1318 1325 1339 1350 1361 1375 1389 1400 1411 1428 1452 1464 1487 1494 1505
1517 1537 1557 1577 1589 1596 1612 1632 1655 1671 1687 1710 1717 1738 1745
1759 1782 1802 1808 1819 1835 1850 1857 1864 1888 1911 1931 1942 1965 1988
2009 2021 2044 2064 2071 2102 2108 2131 2151 2158 2178 2201 2224 2236 2243
2266 2273 2285 2302 2325 2332 2348 2371 2391 2398 2422 2433 2456 2468 2492
2512 2527 2551 2571 2591 2615 2639 2663 2680 2700 2711 2728 2744 2768 2791
2815 2835 2858 2869 2885 2908 2931 2951 2974 2997 3009 3016 3027 3050 3070
3090 3110 3126 3157 3163 3175 3195 3218 3238 3262 3283 3306 3321 3328 3352
3368 3380 3403 3418 3429 3452 3473 3493 3513 3533 3553 3569 3592 3608 3624
3644 3651 3671 3678 3690 3710 3730 3742 3749 3756 3770 3782 3789 3812 3826
3847 3871 3886 3910 3931 3963 3969 3992 4012 4036 4056 4080 4103 4126 4146
4153 4176 4188 4209 4229 4241 4253 4273 4296 4307 4326 4349 4356 4368 4392
4415 4439 4459 4482 4493 4517 4541 4557 4581 4596 4611 4631 4638 4653 4676
4700 4712 4729 4741 4753 4768 4792 4816 4828 4842 4878 4902 4926 4950 4966
4986 5006 5018 5041 5061 5081 5101 5121 5141 5161 5182 5205 5225 5241 5248
5255 5278 5298 5318 5342 5354 5377 5392 5417 5423 5443 5458 5469 5480 5497
5521 5535 5551 5574 5586 5609 5624 5648 5660 5675 5695 5718 5742 5754 5771
5791 5802 5822 5841 5847 5864 5879 5902 5917 5933 5956 5979 5996 6013 6025
6048 6060 6072 6084 6098 6110 6117 6137 6156 6162 6185 6192 6206 6217 6228
6242 6256 6267 6278 6295 6319 6331 6354 6361 6372 6384 6404 6424 6444 6456
6463 6479 6499 6522 6538 6554 6577 6584 6605 6612 6626 6649 6669 6675 6686
6702 6717 6724 6731 6755 6778 6798 6809 6832 6855 6876 6888 6911 6931 6938
6969 6975 6998 7018 7025 7045 7068 7091 7103 7110 7133 7140 7152 7169 7192
7199 7215 7238 7258 7265 7289 7300 7323 7335 7359 7379 7394 7418 7438 7458
7482 7506 7530 7547 7567 7578 7595 7611 7635 7658 7682 7702 7725 7736 7752
7775 7798 7818 7841 7864 7876 7883 7894 7917 7937 7957 7977 7993 8024 8030
8042 8062 8085 8105 8129 8150 8173 8188 8195 8219 8235 8247 8270 8285 8296
8319 8340 8360 8380 8400 8420 8436 8459 8475 8491 8511 8518 8538 8545 8557
8577 8597 8609 8616 8623 8637 8649 8656 8679 8693 8714 8738 8753 8777 8798
8830 8836 8859 8879 8903 8923 8947 8970 8993 9013 9020 9043 9055 9076 9096
9108 9120 9140 9163 9174 9193 9216 9223 9235 9259 9282 9306 9326 9349 9360
9384 9408 9424 9448 9463 9478 9498 9505 9520 9543 9567 9579 9596 9608 9620
9635 9659 9683 9695 9709
